.Random.seed <-
c(403L, 400L, -1120473759L, -1181379961L, 276497477L, -448142016L, 
140468301L, 1836868787L, 1194726651L, 1880678144L, 889405596L, 
800447406L, -1368770246L, -2070200661L, -860237767L, 1220433985L, 
-1888632957L, -377809568L, -317301197L, 1949958278L, -2062954491L, 
1819885425L, -2042044800L, 1975161433L, 1545437212L, 1661614046L, 
1548065092L, -409818475L, 1787948298L, -1205004973L, 899488258L, 
178476373L, 856020731L, -2055139110L, 786097499L, 1437390355L, 
45861894L, 897945768L, -427320309L, 810002875L, 988665167L, 1930550739L, 
-325190176L, -681171876L, -1991923338L, -371130673L, -1969550914L, 
856346228L, -2065832443L, -1161364111L, 1396683210L, 1407368045L, 
141183423L, 863534234L, -960187521L, 1221900666L, -1083183391L, 
-55752874L, -1950525999L, 1017177075L, -851436682L, 651513785L, 
-348968181L, 346624878L, -1544208515L, 266138078L, 1401317700L, 
-245159808L, -1040805033L, 7531444L, -1282469958L, -710175327L, 
-316919204L, -1872473036L, -1221963219L, -804347790L, -2005430923L, 
1482896482L, 813535963L, 1738151759L, -274937398L, -1848877987L, 
466146025L, -1276498770L, 1613567402L, 830348666L, -1441750509L, 
-676202974L, -856894895L, -861843847L, -1573890013L, -1066981857L, 
-1492327431L, 1427354232L, 346387417L, 457537252L, 1297463999L, 
-748962770L, 1803690035L, 445763574L, -1314036029L, 674555774L, 
-1731787231L, -1557116262L, -429358699L, 60869069L, 193419185L, 
591960395L, -56724664L, -1497120876L, -319506213L, 1781833813L, 
-996247893L, -1410841191L, -472390873L, -148153070L, -2036192074L, 
-1564930988L, -2061502179L, 301862659L, -344261910L, 1311762287L, 
778795912L, 1301729508L, -1473912675L, 2077746570L, 505418763L, 
50440002L, 874240268L, -1140799540L, -1292640977L, 42253109L, 
-1228188146L, -1406454824L, -1276290013L, -1039167128L, -558756725L, 
2135080381L, 478283439L, -1088754045L, -2139707730L, -857747511L, 
903038455L, 150680920L, 1608384758L, 1361629998L, 2144883014L, 
453769998L, -1285957955L, 1215602567L, -918654523L, -373371488L, 
-1095621867L, 164937125L, -598520016L, -77978068L, 701206684L, 
-486613053L, -1740454161L, -1402536678L, 1161549587L, 49805797L, 
-1184108895L, -476520053L, 687748974L, -718859176L, -718958847L, 
-1678981153L, 1929613210L, -4139447L, 400550031L, 1001073877L, 
13115358L, 1246261206L, 1897287907L, -355327310L, -1534355146L, 
-1851107318L, 946356033L, 1052824659L, -401622974L, -456920030L, 
-363002970L, -102054390L, -2102645530L, -1542851409L, 1245807057L, 
-1505707573L, -146273875L, 797379318L, -1206155909L, -1353104459L, 
-1966298377L, 2068146803L, -222998985L, 1885127054L, 361936244L, 
216407777L, 1254378056L, 218501269L, -1969170723L, 1161401646L, 
1388383676L, -1704452715L, -1053747119L, 95628985L, -1698319172L, 
1436403693L, 859934801L, -1804047878L, 805568569L, -329127422L, 
68861283L, 437419354L, -1539497985L, -1597715970L, 822748197L, 
-837500426L, 231469742L, 735227201L, -1992953082L, -2091152757L, 
1023663863L, -799756017L, 961861715L, -1576126258L, -1833391100L, 
2110385707L, 1512989136L, 998524905L, 776635072L, 1939657237L, 
-1795288256L, 173772434L, 1249579841L, -1596312570L, 1383824305L, 
1536139246L, -1327753748L, -2036087463L, 123212673L, 1352392991L, 
896796718L, 1475716753L, 480785857L, 431769209L, 2025259908L, 
267626547L, 1002511190L, 934415691L, -1488811446L, 1054613259L, 
-682063700L, 1733254953L, -837471828L, 1677113318L, -1133899361L, 
1338823090L, 1288033600L, 807799695L, 331621679L, -1107411705L, 
2032363333L, 2132575420L, -1763584609L, -1196002082L, 1902762633L, 
285098642L, 1722870218L, -826299757L, 373924694L, -319283561L, 
-1383661033L, -1980838978L, -1252277262L, 1407307935L, 1556397130L, 
-949356086L, -1007275497L, -1273894933L, 166239338L, -1834670909L, 
-627762329L, -1721665139L, -1123364410L, -846116445L, -642625095L, 
1865502323L, 61562605L, 566275337L, -217895903L, 281633290L, 
-1438023358L, -990238960L, 1317792045L, -1593231492L, 1067089130L, 
571696824L, -1263639741L, 803198518L, -1217377521L, -1993350471L, 
689441777L, -414615582L, -1821999281L, -406729551L, -1899900664L, 
1384402556L, 1511169436L, -687847664L, -664902085L, -1075987648L, 
1681108740L, 207485780L, -791462352L, -1972364969L, 1635419328L, 
-18967371L, 1858245634L, -2057714214L, 1521027431L, -960969763L, 
270406621L, -1349713651L, 301053060L, -1938025666L, -1531307911L, 
-1904464311L, 1394678888L, -1554357794L, 102339284L, -1105827777L, 
999036022L, 1821997539L, 1760882866L, 1383042475L, -619040604L, 
-799578596L, 1724877317L, -334081899L, -1927731858L, -1744825539L, 
2118915732L, -2129323737L, 1339849960L, -669558227L, -417064905L, 
57948795L, -1401647780L, 1994625365L, 759677377L, 1111208818L, 
846833604L, -865198298L, -1629566928L, 1632310637L, 1271305933L, 
-689150131L, -952292591L, 1553209503L, -1745495200L, -1894073079L, 
-91643467L, 1789411061L, 2014371523L, 1856111322L, 1807931248L, 
1714264286L, 1987955942L, -1019088869L, -76469766L, -638845614L, 
-499659438L, -377061692L, -167853291L, 1793338564L, 1537976216L, 
-3987697L, -80229410L, -699059115L, 1000578786L, -1857668462L, 
50546324L, -1769770934L, 1966814402L, 58036601L, -500352064L, 
-598620823L, 997423644L, -1279554668L, 1673904721L, -585351980L, 
-631922919L, -338451665L, 1162094882L, 213134268L, -743374226L, 
295278406L, -1782724321L, -314209092L, 541142433L, 1832201764L, 
-745983520L, -1053808875L, 577824850L, 315320418L, -700688001L, 
1745155936L, 2059054164L, 866930333L, -890349208L, -1467485523L, 
-1088989819L, 1391307746L, 108287288L, -1247959211L, -397280964L, 
1340823923L, -1398529735L, -1313952486L, 412033746L, 101619100L, 
-196953368L, -496494042L, 811429121L, 1719446680L, 1676403309L, 
-1041812287L, 1807104319L, 2059225194L, -955078446L, -2119784461L, 
-1809473098L, -745516301L, 457769210L, -1301490212L, 1138978484L, 
722058928L, -413807281L, 178842955L, 1675188714L, 1826036870L, 
1850412114L, 1779467696L, -86672848L, -301794069L, 1965253465L, 
-852554860L, 222186746L, 1524813010L, -1977896417L, 2015421695L, 
-1875060441L, -1240589342L, 109370275L, 1387483197L, -1302537103L, 
-1195318716L, -611854298L, -1890678402L, -1175704466L, -280686444L, 
1002329491L, -311166737L, 1293881449L, -1081713906L, 1632311234L, 
184349642L, 1127748518L, -745591916L, 1782988946L, 266297655L, 
-823583801L, -1008646904L, -1281458388L, -675573694L, 459590922L, 
-406180125L, 1129552313L, -103895155L, -1458116161L, -1568374176L, 
746763392L, 2095096759L, -623484305L, -84844446L, 2093192631L, 
-1402581396L, 1203592248L, 1580291792L, 1183277484L, -1504488489L, 
618801593L, -553406805L, -316595379L, -281352844L, 865684627L, 
1295171309L, -1632583006L, -301533809L, 1590372229L, 1047746719L, 
-1250944038L, 1171805683L, 1538994966L, -1440700403L, -607104136L, 
899670553L, -2109438446L, 756612580L, -1329984269L, -639506424L, 
-1139892250L, -344152664L, -1418650992L, 973189388L, 141102765L, 
-106236797L, 1520028178L, 504222213L, 475394208L, -848027539L, 
-758558683L, 588343605L, -246298928L, 1002994760L, 731390203L, 
-639683842L, 668049729L, 1523542097L, -481904223L, 1284007576L, 
-442191104L, 1083761944L, 1973052008L, 325587690L, -57006473L, 
-1752719288L, 1070368135L, 167444287L, 551199779L, 1456570761L, 
462949182L, -476562945L, 690007391L, 639700371L, 561399212L, 
-260816547L, 694677942L, -10619347L, 172496497L, -1126370715L, 
-1411963736L, 1675527319L, 562447804L, -1708278596L, 2061034315L, 
-1668562318L, 541547922L, 501641352L, 921856789L, -1072854672L, 
607305127L, 1665741717L, -821637851L, -413583012L, 813760192L, 
1244695770L, -2146512917L, -20564631L, 1855825791L, -238734126L, 
-428873662L, -1184884827L, -1579564791L, 469817005L, -1245382484L, 
-86682000L, 2009493515L, 976685590L, 292337295L, -1435736652L, 
-927692602L, 729148703L, 892858080L, 917231556L, 366123058L, 
-322141212L, 244350827L, -1477736712L, -307280544L, -1580168139L, 
-950226918L, -1921823450L, -2073134886L, -239670141L, 426929884L, 
