.Random.seed <-
c(403L, 376L, -1552438397L, 1221184004L, -1029882405L, 1920843236L, 
1850500552L, -1193634573L, 1709653944L, -2092610225L, 1734192613L, 
1362698670L, -680797627L, 1709237170L, 1257815742L, 1791082841L, 
-1879265370L, 1645309313L, -344760561L, -1705247984L, -1907186713L, 
1161738832L, 1825987596L, 925996727L, 1291041020L, -1783977973L, 
-946179415L, -824914110L, -1263261719L, -1112260298L, -1682693174L, 
1876780869L, -1110822878L, -1536888187L, 992499291L, -1727159300L, 
325378307L, -2139583124L, 1742669648L, 856898731L, -993234160L, 
-1989638441L, -192266963L, -211066202L, -50176883L, 1731655354L, 
-1101462250L, 1969449457L, 1524665150L, 937712121L, -558580649L, 
1346851800L, 270765663L, 351601800L, 2015580260L, 869778911L, 
-605706652L, -419421757L, -274608959L, 668874408L, 849279837L, 
1108084119L, 1803115803L, 1273337369L, 1042326252L, -513827218L, 
-1741069272L, 1248768058L, 2026394691L, 1410794609L, 106139749L, 
-1554887453L, -1798543398L, 806792912L, -394000982L, 773994964L, 
1773228129L, 1656242435L, 2024610735L, -1122394491L, 1610330664L, 
-1292413750L, -2045290948L, 1204234614L, -47856201L, -1070408755L, 
-2136114935L, 1932824767L, -987785370L, 82691836L, 751990526L, 
-1888233504L, 1221522453L, -1354053809L, -2053579005L, 1109959249L, 
-801382588L, 314968646L, 983786688L, 2034938770L, -236789909L, 
-493838359L, -151008051L, 1967290571L, -1617835550L, 1335528312L, 
864829074L, -251729684L, 194296665L, -1917718309L, 147229687L, 
690518045L, 1389327168L, 825228610L, -2019704972L, 45013678L, 
1864792383L, -690017179L, -1264267151L, -1101191513L, -977791250L, 
-1530076572L, -1047689786L, -777760744L, -1654571731L, -2084975929L, 
1726236715L, 1266780169L, -2117752932L, -1785052098L, 1955709624L, 
678204650L, -1657646701L, 330145505L, 435826965L, -152009773L, 
-374890454L, -1979410432L, -630674534L, -2141227420L, -1293563215L, 
-409304109L, -764172481L, -1945161323L, 2107364664L, 444601562L, 
1768846476L, 1176711654L, 1712176775L, -1084653251L, -322167719L, 
-1795785969L, -1185615594L, 896050732L, 1006546734L, -436628976L, 
-1396014555L, 1297314687L, 276811091L, 1623569281L, 161204916L, 
192822678L, -1766681968L, 1157468354L, -1053093125L, -822395495L, 
-1941170499L, -1095639941L, -1077560654L, 1526560808L, -1784026238L, 
-118773764L, -1056662359L, 2133599595L, 477246343L, -1658525011L, 
-1238882160L, -912643182L, -919378812L, -1986141282L, -1342074161L, 
988919701L, 1665462977L, 1652571895L, 359642462L, -2082232364L, 
-584403146L, -433174520L, -1456930883L, -876802249L, 1016442683L, 
-1015195463L, 930263436L, -1248631538L, -764336312L, 852110362L, 
1460057827L, -2070396847L, -819833723L, -1230135613L, 1609668986L, 
1525440624L, 1247472394L, -1400784460L, 1851517889L, 1542984227L, 
1412561423L, 90522853L, -1972272760L, 1710514602L, 693446300L, 
-1976750570L, 913381527L, 404220269L, -914756631L, 1601898207L, 
-201138554L, -431016740L, 1352337758L, 1252368832L, 2126872117L, 
496709103L, -27087325L, 2060126193L, -909838620L, 613057958L, 
226771936L, -1245870030L, -560152309L, -1863532983L, 1858113133L, 
-1895110677L, 328371010L, 1151405144L, -2111630926L, 1101502284L, 
-1355915079L, 1686276859L, 1950450327L, -1272786947L, 565900576L, 
545371042L, 639910292L, -840517298L, 1843285855L, -297564091L, 
-1528798639L, -811895545L, 148189646L, 1025498436L, 877602086L, 
1975581688L, -1165092467L, -570410137L, -1178779317L, -1866091991L, 
-1700776772L, -2096178850L, 643016536L, -676091446L, -157585485L, 
1631834177L, -2127717451L, 853331379L, -1490484278L, 2125798816L, 
1767952762L, -1234981180L, -165719919L, -56161037L, -2025076577L, 
-146985099L, 1495960728L, -1997426374L, 259039724L, 570965766L, 
1250098919L, -1484922915L, 1522460345L, 916604719L, 1345275574L, 
2068547084L, 660071438L, -1307567760L, -439260859L, -464423137L, 
111474225L, 8664893L, 1447869581L, 917940351L, 129630020L, 968535204L, 
-552712936L, -194158846L, 306965363L, 1727113171L, 989499287L, 
682320917L, -437427326L, -2083336754L, 1631113990L, -666982156L, 
1759553837L, 143674233L, 334031569L, 803558259L, -235328728L, 
1396408416L, -1298785932L, -448323146L, 1060822999L, -452271561L, 
-841914861L, -873468255L, 1858340910L, -1665281470L, 1996212986L, 
707596496L, -1698107639L, 1245179669L, -1384161307L, -181917833L, 
413121068L, -1575189460L, 1672691408L, 1396719802L, 34307419L, 
-1939215397L, -1712501777L, -1039337027L, 2033435130L, -331477834L, 
1654107742L, 638203180L, -2111166859L, 634706017L, -1859052167L, 
1739079707L, 1520103328L, 662760536L, 324904604L, -634483618L, 
1719785103L, 198881647L, -1904805061L, -729856871L, -553359594L, 
-585070694L, -1413404158L, -1113912008L, -1629868831L, -791250835L, 
-294690755L, 1301293935L, 1419902868L, -1895326156L, -1447657976L, 
530089586L, 1351139011L, -1450519197L, 1648963719L, 1803781957L, 
-322049774L, -445378466L, -1771227274L, -920345340L, -2088675235L, 
-1093274999L, -314914879L, -2098749149L, -1598678504L, 890778448L, 
1302314820L, 903446342L, 1764326439L, 554137191L, -316346845L, 
-862017903L, -196581346L, -954921070L, 1951481194L, 1279409312L, 
-132388263L, -381653275L, 1925702773L, 343149255L, 148325020L, 
170020956L, 1724891424L, -1920726198L, 1156398283L, -1727198197L, 
-457500033L, -2125074739L, -517740438L, -572995034L, 252053294L, 
-886148068L, -1517641211L, -1031525935L, 831149641L, 1766048427L, 
-1387092688L, -667159960L, -467612468L, -1163250L, -249379073L, 
-326017793L, 2110324267L, 199418153L, 1621106278L, 1700304906L, 
-388887022L, -2125741208L, -907803759L, -2023984483L, -318374547L, 
1150646815L, -740102556L, 1245121668L, -894760840L, -77593630L, 
1450452115L, 1827065907L, -2044033737L, -1078213707L, -370257630L, 
1645506286L, 700735398L, 520168084L, -598579955L, 136982105L, 
1477613745L, 1959767955L, 2100754312L, -840540608L, 805441236L, 
2113097558L, -167851465L, 359588375L, 736076659L, -1653480639L, 
1075341966L, -556791262L, -1195751590L, 1529194544L, 1284826985L, 
1956518005L, 1470643653L, -475486761L, 1092044684L, -1434217652L, 
1778074160L, 1419949914L, -791652869L, -357215526L, -827084927L, 
-479695570L, 494427841L, 1828780332L, 265573085L, 361975954L, 
-1189917513L, -1964248746L, 305403709L, -632659994L, 707635857L, 
2076140904L, 703524085L, -233464602L, 1891507215L, 1618837386L, 
-1386467487L, 49778102L, 1583475241L, 1074214076L, 196830285L, 
-1808849142L, -1891683329L, -1692118410L, -1454698899L, 1719859974L, 
1876099553L, -2048121528L, -993074371L, -398352578L, 1547798015L, 
-2050094742L, 1259299201L, 697729246L, -560275327L, -1927835044L, 
616088381L, -1511980974L, 207893799L, -2068522986L, -1509374819L, 
1977117670L, 245075185L, 1397006008L, -263118923L, -1063970106L, 
-1267494289L, 598835722L, -1180260847L, -355392666L, -1019641303L, 
424571868L, 1008323581L, -1640664086L, 190751311L, -242701338L, 
-1164100259L, -1174619148L, -262760723L, 1284974129L, 53494356L, 
-434279446L, -396057815L, -78025543L, -868240486L, -977102080L, 
-1737212311L, 1735660041L, 2132536736L, 501879698L, 1401544965L, 
956314201L, -2014699230L, -1405552244L, -1132253819L, 1518454601L, 
114660692L, 475876298L, -1416767151L, -2062494607L, -2398686L, 
-447098944L, 907852073L, -382214063L, -569814024L, -332535822L, 
251207093L, 866779153L, 1709646986L, 497669556L, -1532119859L, 
-1318483807L, -971376988L, -795435174L, 125404841L, 927244249L, 
2054915914L, -671060832L, 65290041L, -351275191L, -1611681840L, 
-91601086L, 2044655653L, 1844956169L, 1978467826L, 1110600636L, 
-311620011L, -1776988311L, 1346053284L, -1459942182L, -1942070751L, 
885452577L, -456257918L, -1960391200L, -1496191431L, -479657823L, 
-447007176L, 87544674L, 663317781L, -1342849871L, -1812129142L, 
1606079348L, 1275020141L, -1109615215L, 1037866964L, -773377398L, 
1338948105L, -1307111047L, 226662874L, -1771676896L, 1439953769L, 
547170569L, 1517241696L, 1769036242L, 444254405L, -2014718663L, 
