.Random.seed <-
c(403L, 10L, -1009103761L, 2146116517L, 804176732L, 398389042L, 
-568893907L, 1356633319L, 1534858766L, 1302137832L, 23983595L, 
621715081L, 1918553624L, 442680646L, -2125352031L, 989691443L, 
1624339362L, 795313812L, -1553431273L, 1400128269L, 1949463076L, 
1540274698L, -128334987L, -630585649L, 251627990L, 2030560640L, 
248143299L, 1821571937L, -1634999856L, 1741912366L, -1416183591L, 
1091345131L, -1204320422L, 479330588L, -2070476769L, -1070082955L, 
-740241140L, -919323422L, -1982933571L, 230711863L, -1705414434L, 
647937048L, 292266875L, -1868213479L, -223907928L, 874114902L, 
-27895855L, 444760963L, 215115282L, 1343488420L, -2003389081L, 
1030961853L, -482723276L, -1355005542L, 576331237L, -925861505L, 
1122259206L, -1099748720L, 202242867L, 1424785617L, -259059072L, 
453559134L, -1286180695L, -837971109L, -778034838L, -2103032820L, 
1944921167L, -1884580603L, 1989105084L, 292479122L, 1433998221L, 
1706615751L, 911448238L, 1171757320L, -1289345269L, -992697879L, 
998024888L, -957410970L, -155725311L, 152833171L, -1581287614L, 
1789331700L, 1156662519L, -1442341651L, -1064939644L, -2088287830L, 
1902573333L, -310499921L, -1873064522L, 805745632L, -747087069L, 
-165946303L, -17518800L, 945864014L, 127074233L, 1820342731L, 
-1991427462L, 723103612L, 19529663L, -1215567723L, 70555308L, 
1055245442L, -376658851L, 1841146711L, 1884206654L, 285407864L, 
-245921445L, -842684231L, 1260734728L, -847889482L, -741705487L, 
1208282915L, -1698334350L, -582800444L, -528857209L, -7336611L, 
932799316L, -1830323846L, 1938076869L, 1618339359L, -996019802L, 
-278944976L, 824660435L, -1431627791L, 1871556896L, 11030462L, 
-765182007L, -441069701L, 470070602L, 1921188268L, -537650001L, 
382305893L, -1840792036L, 892989554L, -601151763L, -852161753L, 
-653236402L, -384118872L, 503405483L, -686008119L, 2082037976L, 
-1080164986L, 1112626273L, -2041375245L, -1693625246L, -1096690988L, 
588927959L, 1537165773L, -110772892L, 1867757898L, -1405976395L, 
-1659557873L, 1433616662L, -625730624L, -1606568061L, -631990879L, 
-2134419056L, 378823278L, 739488793L, -1232033621L, 555818138L, 
1784552540L, 428149087L, 461060917L, -218259764L, 1738230818L, 
-1874702723L, 1535456119L, 822480030L, 1001454424L, -87195973L, 
687218777L, 1318101992L, 1024894486L, -1421063791L, -748852669L, 
-692082350L, -26190364L, 1649968167L, 1610313853L, 1535663476L, 
-1141304998L, 35575717L, 1448654783L, 1781025862L, -38151472L, 
-1979177741L, 1992999441L, 1417802816L, -937838562L, 1694353129L, 
-1572547557L, -532906966L, 1893818188L, -1896102641L, 1949485125L, 
407040508L, -866803630L, 61295053L, 899537799L, -667890066L, 
-361382328L, 1325619275L, -465456727L, 254954744L, -1008347098L, 
-1742124735L, -2112649517L, 339226242L, -688581452L, -1734423497L, 
-27447507L, 78376004L, -1510215318L, 1968401877L, -1743893649L, 
-801328522L, -280255072L, 649261667L, 1570550529L, 949594736L, 
-192264690L, 346852985L, 204102155L, -813788358L, -1846105540L, 
-764565121L, -1038507307L, -1155124500L, 576702760L, 361630266L, 
-916974384L, 1236636780L, 416054964L, 467142674L, -370440224L, 
1775473612L, -1331106336L, 572121634L, -1331888856L, 526423308L, 
1767968316L, 892076274L, -1255502096L, 674582340L, 557522520L, 
666696250L, -2107515152L, 866332860L, 455614996L, -731798334L, 
-277916576L, 1140891004L, -287424304L, 839250978L, 1032048296L, 
2106696588L, 903560636L, 606121010L, 1530316608L, 2003260596L, 
602449736L, -1313768774L, 610344720L, -1216754452L, 1499567188L, 
1043468050L, 377522080L, 1178973132L, -1217502368L, -840657726L, 
654439976L, 1558812076L, 513133372L, 530708338L, -895535312L, 
1769559588L, 1881052216L, 296464602L, 149390736L, -1159828740L, 
-1763425388L, -593885374L, -1650340352L, -647629252L, -970311088L, 
1668130466L, 1314194248L, 771256844L, 55568604L, -1535825326L, 
1437741184L, -887223468L, -653093400L, -419668230L, -1288787120L, 
198269996L, -1465095820L, 1992144530L, -1162572192L, 666879628L, 
333227872L, -523629854L, -1002598232L, -1385698100L, 1619108348L, 
1632735154L, 1080846832L, 882161092L, -792716456L, -1644531846L, 
920602032L, -967088708L, -346405804L, -720742462L, 405788448L, 
148614076L, 299222608L, -1034417694L, 1177699688L, 524180812L, 
-423545604L, 782461682L, 83428096L, 1552191092L, -55995384L, 
-407934534L, -708447280L, 191440364L, 1513426836L, 620035794L, 
-674219424L, 1793097036L, 1411961120L, -1497395582L, -120494616L, 
-788405268L, 814488124L, 199181938L, 1679653744L, -212676316L, 
1886499384L, -1743455846L, -197341744L, -1755312708L, -1449093996L, 
2128648322L, 241704384L, -1357279428L, -598343536L, -1124070622L, 
-137704952L, 1720789260L, 1737279900L, -1139946990L, -217600128L, 
2072824596L, 1599340840L, 1559316538L, 723000272L, 1406709356L, 
2004775476L, -1325439342L, 1887034720L, -550549172L, -1600949280L, 
-29597278L, -298665560L, -554371444L, -1158758980L, -301272462L, 
1246039024L, -1445608892L, -951422888L, 690406458L, 950940784L, 
390308924L, 652649748L, -307459390L, -1732036896L, -1685451652L, 
77368016L, -791254622L, 343743528L, 314058508L, -1455387204L, 
-766351566L, -1676824896L, 1830965300L, -631255352L, 2057013434L, 
375923344L, 997359340L, 946526804L, 1175563922L, -1310544608L, 
1811785164L, 2039713504L, 1344980162L, -1300104152L, 1260270508L, 
946908860L, -1089906702L, 201292336L, -2135579740L, -337252936L, 
689753946L, -101654384L, -312799364L, -1567197932L, 146041154L, 
-1696688896L, -2012675652L, 103851344L, 761114914L, -1311075768L, 
-1342520308L, -948161956L, -24418862L, 689266176L, 1118828884L, 
980503784L, 861599994L, -1460798768L, -1752826068L, -526637836L, 
1848524178L, 921383264L, -1788628980L, -1481832224L, -1203923358L, 
-754528088L, -270032820L, 1470117756L, -1371198158L, -650932624L, 
-1467558076L, 1711369176L, -1996052614L, -1624456144L, -1785559108L, 
-1173824940L, -952797118L, 1041909408L, -1564355908L, -1464627248L, 
573059426L, -786470168L, -1165931316L, -729724420L, 222360050L, 
1867937920L, -1358660108L, 1582754440L, -754784454L, 964534608L, 
1604136198L, -229395405L, -1200860523L, -2079333646L, 901245760L, 
-900153175L, -769555173L, -717421844L, -1683333382L, -1135939793L, 
-93204679L, -1142632114L, 260599708L, -2007171827L, -397777033L, 
-356506752L, 195639774L, -1809498453L, -1345240659L, -951069158L, 
1973340376L, 274429249L, -1094091277L, -424219628L, -409947742L, 
-857643337L, 631009409L, -928692090L, 756014276L, -297027083L, 
544420959L, -1726699848L, 285501334L, 1720090019L, 2034278757L, 
660015234L, 621306352L, -791824487L, 1913844107L, -264319876L, 
-2015680854L, 1871839455L, 1470244457L, -1864158082L, 1611078764L, 
-1585693507L, -1294150265L, -1813565072L, 1884726286L, -1663805125L, 
79603229L, 1852472010L, -473532952L, 976706257L, -1885755709L, 
489524676L, -999224718L, -822324409L, 1647307537L, -1335798122L, 
1647258612L, 1525732741L, 2105936079L, 1122673096L, -664051610L, 
1784362643L, -676928011L, -384583726L, -1436466144L, -111438327L, 
-267055301L, -956939636L, 1125816090L, 375896463L, -2009393447L, 
1209088366L, 1633518844L, -1468817811L, 2101090839L, -1901424672L, 
-763917378L, 347236747L, 899676685L, 2063660602L, -639492488L, 
409114145L, 806938835L, -1817995276L, 1712193666L, 834165015L, 
372928481L, -318052058L, -691845084L, -1199101227L, 617289343L, 
-1388472552L, -113306058L, 516335811L, -2018114299L, -1285821278L, 
1470378640L, -2020123079L, -1877795093L, -146628644L, 550085130L, 
1094411519L, -1452265143L, 739549918L, 1404915852L, -1423685539L, 
600827495L, 954374032L, 696122286L, 959824475L, -1806713283L, 
1126916266L, -2033860280L, -2001353359L, 772190947L, 817576420L, 
-1574259438L, 815679719L, -308719951L, -389139210L, 900384532L, 
549187621L, -494131921L, -1879864600L, 775579590L, -764839309L, 
485010645L, -155005262L, 1759270528L, 1553948265L, 733643483L, 
19717676L, -64979398L, 1204091119L, -768441479L, 1308684302L, 
