.Random.seed <-
c(403L, 128L, 1900944573L, -1974316641L, -504956766L, 606002816L, 
-1800912894L, 1192856936L, 1724959557L, 1515562623L, 398889592L, 
-586865456L, 1176454918L, 732262907L, -723114037L, 402396068L, 
1416464556L, -1276463961L, 642447256L, -2063210778L, 872519295L, 
-1909415767L, 365204047L, -324608069L, 2098571914L, -993840524L, 
-1563492987L, -979338895L, -833547559L, -507230L, -1576991450L, 
786983453L, 1739896027L, -568975394L, -1765182685L, -1701059555L, 
-1308474264L, 524742166L, 1951820104L, 1693235226L, -954342657L, 
-1183186979L, 1042904278L, 1466065966L, -40657876L, -636301879L, 
223713L, 1136418982L, -150290170L, -494804779L, -545733034L, 
-76479516L, 1319313285L, 729213399L, -696158235L, 1956880917L, 
1092233356L, 2013393138L, -1854724213L, -1042836905L, 1099314503L, 
-1789058256L, 37651692L, 352809919L, 975293429L, -505646484L, 
1426822089L, -1254458757L, 1718934174L, -809877532L, -674137802L, 
-2035502612L, -979389175L, 527380563L, -519848212L, -1178175284L, 
1092871218L, -138837193L, 447336863L, 1815858976L, 2131463928L, 
-1449950493L, 1387498092L, -1917399606L, 1068766323L, 1277210325L, 
1445712315L, -1760702585L, 1661008086L, 1710771312L, -679661551L, 
-959463723L, 1292650221L, -1232370234L, 154342322L, -226421695L, 
594988495L, -1718017086L, 1386216527L, -1526573287L, -717214444L, 
1485262202L, 1743834204L, -1436978210L, -1893864461L, -293721215L, 
691362682L, -1778063318L, -2111496936L, 778649813L, -127369899L, 
639885378L, -208312622L, -594973999L, 288492666L, 720027242L, 
1892423934L, -1948809180L, 1776592767L, -16011258L, 1952484946L, 
1745040264L, -1678891132L, -1849247629L, -225375702L, 1544857657L, 
-2036469652L, -770979954L, 1968721405L, 511304580L, -1839853388L, 
561451705L, -1982993047L, -1111758381L, 1321450704L, 192722419L, 
1822994163L, -466806491L, 547052679L, -316183876L, -716874765L, 
1049899506L, -926287069L, -698059211L, 1956072956L, -1648293937L, 
-1896245419L, -1411124444L, 664726008L, -1702220706L, 735473473L, 
-1284853636L, -1422656960L, 780909922L, 1166620598L, -731482391L, 
1261898888L, -933049601L, -1687312990L, 1594474240L, 558712719L, 
596987786L, 794535970L, -97147613L, 734533291L, 808609597L, -454842526L, 
1891927129L, 159277441L, -1047934609L, 1626209793L, -1996708614L, 
-2041966943L, 730895532L, -815410336L, 20254382L, 559055282L, 
412774155L, 1953678520L, 577708685L, 2047479708L, 834841048L, 
-759349922L, 1548848719L, -524841274L, 1153137478L, 1094523799L, 
-559581552L, 152809676L, -1818019687L, -1070816615L, 1990559251L, 
622648781L, -1718601130L, -2047070477L, -505951754L, 1406521755L, 
1248495471L, 1032446097L, 1090922938L, 1237403839L, 328432155L, 
-1111232724L, -369636481L, -981063907L, 2119128234L, 428975974L, 
1324090048L, 1321646484L, -761543163L, 762990794L, 514301067L, 
-1167624062L, -241518718L, -2036306680L, 1494957461L, 972928676L, 
-99245316L, 533277621L, -589977894L, 997469694L, 1799437543L, 
292712431L, -20707803L, 1464644143L, 1673084576L, 2096168765L, 
750745180L, 1046269673L, 1022795721L, -398001965L, 663764096L, 
1852162397L, 245595985L, 537427506L, 724820865L, -1255783425L, 
482547920L, -730077564L, -222113286L, 2098097398L, 1971978943L, 
1390401556L, 257707249L, 1101849168L, 1791362732L, -719324518L, 
-508944453L, -518380510L, -1142694166L, -1495874885L, 1000928220L, 
651067760L, -2080201651L, -682068931L, 934420639L, -196923919L, 
467158490L, 197285567L, 1023528682L, 4859167L, -750471181L, -511712035L, 
1763100342L, 1668780955L, -1361638161L, 562570432L, -1811501525L, 
1592603697L, 624175774L, 70285434L, 210666060L, -654672072L, 
-2027896199L, 895508230L, -695015169L, 1434261894L, -1449916714L, 
-895873372L, -149027455L, 1043462560L, 1734101984L, 1265997145L, 
738200134L, -1785402821L, 1247013567L, 1866773175L, -412481258L, 
678219111L, -1357912943L, 1000534514L, -756795826L, 7320697L, 
-2023481222L, 644093846L, -513646874L, 2123395160L, 743748207L, 
-786292124L, 1983550106L, -1160164772L, 380524618L, 1605632674L, 
-519678797L, 1637511020L, -94982492L, 1460947033L, -647135495L, 
1067388990L, -2109441767L, 904325289L, -1775706073L, -29959715L, 
-1607602086L, -988236441L, -2002249251L, -1042865967L, 1632309617L, 
1744432073L, -580711536L, 735043573L, -1867341793L, -1407136132L, 
-313779116L, 18342627L, -1963901916L, 1626143252L, 89410260L, 
-488012806L, -533848563L, -314527854L, 930421572L, 606256526L, 
-2016536376L, 755078192L, 1791868561L, -721825778L, 765047694L, 
337212775L, 2029569931L, 2135912012L, -229094209L, -1736977693L, 
1537638513L, -1979501757L, -178583588L, -1593564255L, 1849877827L, 
487454071L, 1345879619L, 905438811L, -1825881326L, 998612395L, 
2006363333L, -1406505306L, 825089650L, 241202013L, 2139789950L, 
-1017872022L, -293555494L, -2131639460L, -733633301L, 1410647648L, 
183749798L, -2512368L, -1185042930L, 1720208366L, -1763074385L, 
437235120L, 902441608L, -924843779L, 262832701L, -758429862L, 
1333406933L, 831015493L, 641376699L, -338474543L, -2050588338L, 
-861746797L, -737042775L, 1238946853L, -1152764339L, 213198869L, 
1435532660L, -1530134511L, 1146157691L, 1753184600L, 280695440L, 
905890607L, -840101456L, 947748624L, 963707440L, 1229305142L, 
532724017L, 474332086L, 298057176L, -1533866054L, -1857797260L, 
859262580L, -429681035L, 1950079822L, 982587787L, 85540290L, 
1514696619L, 959694446L, -866334552L, -2138798508L, 1279641467L, 
398484335L, 852891125L, 984630288L, -168071441L, 841500633L, 
-1730653504L, 1284646744L, 2127102748L, -235981981L, 2052223424L, 
855672915L, 130414658L, -157187577L, 874803713L, 134200293L, 
674460352L, 1253276408L, -1876103678L, 1117996593L, 2120943282L, 
1664169158L, 1607879661L, 1866436741L, -332669103L, 97314192L, 
-196558915L, 1465032208L, 1716462461L, -473377848L, -166867062L, 
-221229502L, -1376009351L, -1171247499L, 812700975L, 1184532794L, 
1113099773L, -1198064093L, -1867494706L, 1908591894L, 521100154L, 
65035905L, -2001800306L, -753424979L, 186419480L, 1281218717L, 
-651100001L, -1584280649L, 2014162450L, 795348122L, 731503984L, 
765707479L, 836773580L, 2143482468L, -923444993L, -1647938329L, 
-865180941L, 1445503202L, 1930803383L, -1401418050L, 76000351L, 
417779322L, -1318496852L, -1217701320L, 425668431L, 1932656859L, 
989829065L, -545144468L, -1718338941L, -740723083L, 1575520636L, 
-1940850476L, 1253379528L, -235110705L, 1785144964L, 646187479L, 
-763846626L, 1222179987L, -1952912331L, -1365889959L, 1585319676L, 
-618198516L, 671829750L, 1786172165L, 992814350L, -2003244182L, 
-614854247L, 811682153L, 182137229L, 1513618124L, -79059759L, 
603468964L, -119302743L, -1042426148L, -771867226L, 1017925262L, 
1790717029L, -1554994535L, 2019193131L, -1099854722L, 886367065L, 
28751079L, -596111598L, -1505753526L, -209903209L, 1458312625L, 
-1359904610L, -597344226L, 564193080L, -666527660L, -548995952L, 
501303037L, 1778955890L, -1338344559L, -398301563L, -826392519L, 
1767920753L, 658102506L, 1949684817L, -71257996L, -1164281976L, 
74736600L, -882539063L, -540723185L, 1085003893L, -63292703L, 
-1801517671L, 1894060272L, 1023668777L, -1376537586L, -189912814L, 
-1631743416L, -602539260L, -1197148107L, 1238411936L, 1341516965L, 
-131777375L, 69009819L, -1708295504L, -886776656L, 272734890L, 
-416537250L, 937238702L, 397990551L, 542406472L, -2138755965L, 
-78445385L, 1746021471L, -769397961L, -1587989312L, 1511906659L, 
-1107672850L, 1456947442L, -75121758L, -992989701L, 582578433L, 
-2024240617L, 538366643L, -322789001L, -996009294L, 1446544983L, 
-115003160L, 1803841014L, -617395095L, 474177197L, -2118028403L, 
287889069L, 1703693029L, -288698027L, 1512739750L, -497392382L, 
1525537899L, -205697071L, 1413055052L, 282063865L, 1581874413L, 
-2136092414L, 1955264988L, 1896539687L, 20329950L, 72290102L, 
-2032560844L, -1008106306L, 2071008110L, 1155952622L, -1046035973L, 
-1880442295L, 1574927990L, -1439643416L, 217633885L, 466484812L, 
