.Random.seed <-
c(403L, 504L, -361208618L, -1927832108L, -1311777552L, 1724603782L, 
-1126334660L, -1259521695L, -1924176089L, -813243230L, -688135311L, 
1579958930L, -1999371950L, 1035041372L, -1941900235L, -1104122648L, 
-180163371L, -13379395L, -1523982640L, 33924781L, 1055578929L, 
831508297L, -1159808071L, 243510493L, 1707757653L, -1290115194L, 
-200715758L, 1599615165L, -527966594L, 548786849L, 1931692232L, 
1955936695L, -1767647579L, 396828542L, 395693262L, -2013442735L, 
-1221097219L, 853880917L, -286917511L, -1186897578L, 1077701252L, 
-198091359L, -324760494L, -1379462907L, 634931809L, 1976610185L, 
-113304456L, 1825738629L, -424137802L, 1097241868L, -277696907L, 
1681080810L, -410601542L, 832011376L, 943049478L, -585965862L, 
-966578018L, -895896995L, -747999417L, 1702412668L, 1103784041L, 
-477746182L, -1180922673L, 108358996L, 924369874L, -1044826527L, 
1765842403L, 1651335446L, -338622022L, 1882933856L, 1175050738L, 
1740569927L, -1857524287L, -1386440152L, -1444596341L, -1849894152L, 
1578815528L, 1129753698L, -646790517L, 2015438346L, 885599111L, 
-1681024481L, -314190246L, 1751160127L, 1732929055L, -1030863413L, 
973492419L, 1602912799L, -1877429229L, -298806712L, -964070808L, 
-90978797L, -1252798484L, -928511785L, -740673494L, 1568276029L, 
247848591L, 1787724L, 1584207252L, -459917969L, -1955069053L, 
1526129227L, 485421227L, 2113654336L, -547988414L, 1351162939L, 
2102597368L, -234232409L, 1013577291L, 289887315L, 1299287458L, 
978736739L, 1956422004L, 571614978L, -1655697717L, 830487680L, 
-1563014492L, -826089546L, 2082511796L, -531480976L, 228289896L, 
1883328443L, -14811351L, -55048082L, 681432419L, 1326717972L, 
2104589845L, -2108096850L, -379877472L, 1902855547L, -167261891L, 
-1516001400L, 1812066972L, 1341192378L, 718250880L, -1762327603L, 
-2083393573L, 1926582246L, 1769009581L, 436021990L, -2031955994L, 
-36794392L, -1879610975L, -831242548L, -883451839L, 68915401L, 
-1196566308L, 2135946257L, 1940273837L, -1345078715L, -1238930139L, 
-2010679383L, 1470056737L, 1817414234L, -1170834866L, 848247849L, 
189441986L, -381384819L, -1685513092L, -967676909L, -416433143L, 
1489953746L, -1559224606L, -909755859L, 1000407337L, 37056049L, 
-441567531L, -598844414L, -955057672L, 268085005L, 1028366222L, 
1813064265L, 2037508261L, -1638120171L, -751205412L, -1991602447L, 
1046586962L, 1312219000L, -289460591L, -1063239202L, -695460026L, 
-205972628L, 428938L, -790074554L, -320064774L, 1271334841L, 
-918983117L, 1134578032L, 762477333L, 584802462L, -2028333301L, 
627409528L, -366914930L, -870771803L, -2000417929L, -1441940062L, 
-1941251890L, -255341684L, -1083204482L, 970681403L, 781450877L, 
-1406107564L, -2046767041L, 2030418324L, 1248274820L, 215206214L, 
-1965042929L, 132830390L, 1387142091L, -1034847597L, 1423999278L, 
-1869468405L, 1366362291L, 204053247L, 696075111L, 869879635L, 
1893175367L, -2058652972L, 180135276L, -618599817L, 943853608L, 
226760427L, 1582898182L, -1067100735L, 622370251L, 1703547971L, 
1012718445L, 578062890L, -116377393L, -177984855L, -1713933246L, 
1569202427L, 1275298586L, -1781075464L, 733511030L, -935028496L, 
-1818489169L, 1828944343L, -134996136L, 883278337L, -643827706L, 
-994303301L, 2100570095L, -419961055L, 978379112L, 792504717L, 
-710570983L, 2017428971L, -354477378L, 1601586784L, 2072705154L, 
-441136608L, 1999471908L, -1838935228L, 1916429837L, -117802967L, 
515823480L, -264010094L, 1449040107L, 1905595964L, 583970224L, 
1822173986L, -1066029314L, 2033667589L, 732762678L, -661885222L, 
446060866L, 1248009932L, -1533789497L, 906648001L, 239848342L, 
-1427261769L, -1913422160L, -2066476973L, -1805533405L, -1831168435L, 
-365154786L, 1300230685L, -2005715843L, -1319242649L, -1824971280L, 
-220055084L, -1574183860L, -1236158136L, -412451978L, -1648525921L, 
2132727584L, -2088908326L, -905297167L, -1449961836L, -1018449388L, 
-1421293836L, -1158158813L, -1949867945L, -2062567260L, 251257849L, 
-2057822558L, 1265440464L, -1711221804L, 1059691827L, 1581021992L, 
1377051417L, 5651182L, 969847957L, -2098476276L, 394874226L, 
887556109L, 1701796490L, 1522160530L, -1878536983L, 279159206L, 
802916302L, -2077202847L, -439664947L, 1201932059L, -833861556L, 
-527215652L, -1342983189L, -1681985872L, 1441153688L, -1839285405L, 
-119514550L, -1736557176L, -1170142278L, 1288913093L, -184612483L, 
409229150L, 331851805L, -791399120L, 491699296L, -1993407438L, 
1415042853L, -1644997590L, -1299817451L, 1135847190L, 1726013917L, 
-1384709672L, -1132079044L, 1251336827L, 41980584L, -626740602L, 
-1034663257L, 707735756L, -763929648L, -1583609527L, -2050035921L, 
-2104431665L, 2050318528L, 1902951202L, -1003086321L, -81728312L, 
-993745782L, 1610763125L, 1577634988L, 513419612L, 1775432120L, 
226476159L, 1337928039L, 1885806624L, -1185658055L, -24351882L, 
2005081168L, 1970024316L, 1365677379L, -2053762268L, -1455699667L, 
-819892126L, -1077263251L, 1789832324L, 180567606L, -297113803L, 
-316485018L, -1424655062L, -451782175L, 1613416154L, 1664363742L, 
-991361687L, 840409549L, -177819749L, 2087865196L, 321857140L, 
-1921328277L, 1201138808L, -1228197820L, -2379461L, -30457810L, 
547530720L, 428186282L, 1725599437L, 1405561265L, 192149414L, 
-606674203L, -824847104L, -628575240L, 1887697774L, 2050538185L, 
-1629423942L, -1013022999L, -451180942L, 921449076L, 2077822886L, 
-913407097L, 1506903244L, 495901514L, -248354451L, 600067301L, 
509114430L, -372120477L, -1456666723L, 149638214L, 1887349142L, 
-1305667840L, 1848090879L, 1483755559L, -1409245648L, -2140728001L, 
1510390043L, 485650571L, 270180435L, 953521706L, -153113436L, 
-370838739L, -1690121878L, 1706841114L, 1137586026L, 1492373617L, 
1335713353L, -276394681L, 272804509L, -758158043L, 588272914L, 
1960530636L, -25643038L, -1352776543L, -98538786L, 1801170600L, 
1691436641L, -1037684241L, 1968121148L, 1094320937L, 382239445L, 
1081921264L, -1304026030L, 401145700L, -769269835L, -1247187053L, 
1181387584L, -1369366459L, 1385114857L, -1150420051L, -279072737L, 
-1615098772L, 986272737L, 762972266L, 490159561L, 639524054L, 
1311818446L, 240718348L, 1643352280L, -763136723L, 4895040L, 
263201603L, -367642023L, -1560097188L, -616278522L, -754123359L, 
-336962946L, -1083051508L, 86605496L, -1095673311L, 737479443L, 
527307311L, 332331786L, -1157633189L, -889041383L, -2108649030L, 
609294860L, -1468591944L, 219786002L, -701934100L, -512208925L, 
-967236329L, -1371512376L, -1729322126L, -835867995L, 1188103615L, 
1214244374L, -891637294L, -1584446134L, 1025233371L, 1897876237L, 
-2096540002L, 1079690473L, 294458658L, 262271584L, -1851276727L, 
-645389905L, 286598262L, 1158630209L, -47207535L, 1722636431L, 
1982294012L, 741001824L, -1279122306L, 1256561761L, -287624068L, 
26458784L, -1656660567L, -1296117577L, 1719513701L, -1293544605L, 
-1767988613L, -799913510L, -297715250L, 270350337L, 1768304721L, 
311994614L, 982295796L, -1028128151L, 733274947L, -764837945L, 
-276564006L, 597527858L, -352369901L, -196876990L, -783700699L, 
-698230745L, -654175382L, -1155734856L, 901267479L, 527193068L, 
-866089690L, 1841073994L, 2034826715L, -265506899L, 1468940477L, 
2110015788L, -95261903L, -1149813013L, 1165612252L, -1637183866L, 
-1035782746L, -399963744L, -1242458418L, -251662223L, 1919914453L, 
-576234930L, 1107598940L, 1471041687L, 1463117025L, -132512460L, 
-693284580L, -870270352L, 1933645593L, 1690722871L, -216900156L, 
-1659705797L, -282223236L, -1103109690L, 766501479L, 2049768377L, 
1855693860L, 1278052079L, -1266931077L, -841230375L, 265308454L, 
-1512236814L, -947753940L, -1413353928L, -1848141311L, -512309832L, 
-1503658499L, -1662107984L, -307573375L, 1923137146L, 1102376592L, 
253705848L, 1640548578L, -752552638L, 834238032L, -1919159756L, 
1042578785L, 106879231L, -324914055L, -1303712444L, 225094865L, 
611142336L, 400165733L, -47879293L, -1842990725L, -430707408L, 
2098974467L, -1178379156L, -1259281055L, 1276628429L, -1370520071L, 
