.Random.seed <-
c(403L, 275L, 764051610L, 795931789L, -1995576201L, 559081072L, 
579293225L, -856236224L, 1824115649L, 2081226270L, -1468457295L, 
-2069054798L, -245539879L, -419549385L, 744337743L, -786001798L, 
-1695281974L, 1922007104L, -776717300L, 1415853188L, -2092549354L, 
217005244L, 139539197L, 1053308510L, 663221246L, 921597900L, 
-1628988505L, 1254472384L, 2029522108L, -268202201L, -688145987L, 
510346477L, -961746527L, 211997216L, -255576055L, -1762003956L, 
-1198309751L, -143120676L, -443533058L, -1361666016L, 343588832L, 
972373678L, 561257080L, -1137082516L, 1255639389L, 908057998L, 
-1233976052L, 1064247010L, 1803150755L, 2064034291L, 16027540L, 
1457173695L, -110809263L, -1080525422L, 281581109L, 335205784L, 
1305545640L, -1453166375L, -744935905L, -184677343L, -472890068L, 
-205555443L, 291173282L, 970335270L, 1662719251L, 1927865926L, 
590954089L, 1710176900L, 1223412751L, -2065320537L, 263409522L, 
-1228267833L, 5845967L, 2009018706L, -788508896L, -812645869L, 
-676190428L, 1242123103L, 1757231930L, -747390236L, 1254233325L, 
1247024222L, 1522743879L, -1251395067L, 363141931L, 658953158L, 
1159743062L, 982549927L, 949460470L, 2032946153L, -1283196667L, 
156112499L, 1863301157L, -2108383644L, -1441473539L, 761131570L, 
416527146L, 182205798L, -50998577L, -602691962L, -513064357L, 
-609744885L, -2109087551L, -1085922071L, 645795072L, 187047587L, 
457888297L, 510270717L, 392756290L, -1501729987L, -1471455625L, 
-1254244573L, 191696721L, -1693069320L, -1840036443L, 2111124059L, 
-875365543L, -782900163L, 406976448L, -1798929378L, -1843226701L, 
-1970801448L, 1381161050L, -656338874L, 391021857L, -1909884510L, 
1362775559L, 1000835853L, 1407908350L, 1454417129L, 363621969L, 
-1940405821L, -1710231759L, 1288178703L, 39422006L, 1291933798L, 
-433931998L, -1754951358L, -393589807L, 949545631L, 1086898734L, 
-1239574602L, 1609550665L, -164668112L, 471705898L, 826854021L, 
2056723735L, -156427543L, -979080631L, -1538748238L, -546079560L, 
-1982234604L, 1349663405L, -948004968L, 1485323436L, -351056968L, 
-623386029L, 1597955133L, -549749899L, -696437544L, 1569108709L, 
1218214148L, -342803793L, -1638725484L, 1525210349L, -1916702279L, 
523637772L, -602349044L, -1816282884L, -983085438L, -1132142476L, 
-1030000755L, 1214064004L, -1096129506L, -765110226L, 1591896367L, 
-294003502L, -1969412495L, 380693457L, -1966502545L, -1459646770L, 
-1498588858L, -1873305762L, 596212470L, 1006592349L, -1267448848L, 
1038771328L, -697520072L, -178551556L, 721120637L, 1915019381L, 
-231589181L, -1955895675L, 1949214755L, -220716864L, -724613532L, 
-275013666L, -2133702074L, 1017398296L, 1820667648L, 779940206L, 
-1560301731L, 1605008372L, -1632073415L, -1000541325L, -1214569995L, 
-1499575251L, -730917303L, -464252699L, 1358064127L, -330381945L, 
2049150087L, -1616968891L, -352705668L, 503979414L, 629611710L, 
1153288278L, 17246730L, -2084265846L, 1094304042L, -276285498L, 
-558434623L, 1103186753L, -859666472L, -1058217342L, -1120150659L, 
-1263461728L, 958835425L, 1110365505L, -119911876L, 872036511L, 
1331360291L, 1271054148L, 1479232759L, 119761524L, 236981949L, 
-119460731L, 1474792248L, 362922096L, 389797021L, -884330427L, 
-1561813352L, 1260233129L, 1747681558L, -805383235L, -374567166L, 
803965057L, -43842335L, -1812886037L, -1666693180L, 1930573107L, 
-242859535L, 1137625984L, 1114232749L, 1988005512L, -1648263353L, 
-20858361L, -517670351L, 430432326L, -408013126L, -427703062L, 
-1720682171L, -296138162L, 625954961L, 1213620322L, 1144462483L, 
362999789L, 1522409553L, -1150895067L, 635901402L, 263241911L, 
980030388L, -1886502115L, -1352135728L, 1191726107L, 1026855150L, 
-1985259820L, 1759223790L, -1312869471L, 2085082750L, 1769353742L, 
1534989728L, -2067309622L, -1709005436L, -1324954008L, -162369338L, 
1134719835L, 1120919070L, 1899843689L, 1933365532L, -935828883L, 
1474777882L, 1839218383L, -697230124L, 2076491733L, 2085449519L, 
525531017L, -1988975178L, 2132018465L, 1294184735L, -1185165413L, 
2055375751L, 384360118L, 1458254878L, 978427759L, -640064580L, 
-1233600121L, 715684319L, -1408288508L, 1428268207L, -1631933017L, 
1162566982L, -1121971814L, -1701862836L, 1345521999L, -2135696796L, 
1190218181L, -850804141L, -1153457833L, -1375447852L, -670691559L, 
999065914L, -101492012L, 449623360L, -411401683L, 681531751L, 
1209377147L, -300949111L, -1647594616L, -866142209L, -2052068802L, 
-875832835L, 1668264801L, -238213495L, -153061216L, 1298481959L, 
1972990287L, -973347128L, 2109644149L, 638043178L, 1303528275L, 
166539046L, 1477752609L, 169176995L, -1239245449L, 1292681806L, 
1539470816L, 511773405L, 2012862268L, 1649406886L, -63412063L, 
1172292117L, 1893770170L, -1855772548L, -1451326526L, -1570735682L, 
-1598221737L, -829620919L, -1965954059L, -1602728387L, 2027414909L, 
772718819L, -687227840L, -314146002L, -1670270205L, 603040546L, 
1715175871L, 1163989766L, 509737582L, -1814608456L, -2066115845L, 
940741978L, 470013541L, 1149061788L, -826476187L, -113893507L, 
-1325512746L, -616510995L, 1537055085L, 1813899816L, 770858291L, 
1681151030L, -218239986L, 330823328L, -1957379078L, 945905178L, 
-1144536666L, 1082755127L, -474983351L, -1372311412L, -2140212536L, 
1826866393L, -1994607417L, -391468378L, -1492106494L, -985905322L, 
-1536559060L, 774805704L, 61403759L, -2130533412L, -1709832028L, 
346106877L, 1112654755L, 716768387L, -532571667L, -1892595579L, 
-1122051856L, 1247639602L, -831190105L, -1897743795L, -754909869L, 
1341146226L, 1927883650L, -1960758714L, 1929708405L, -308921430L, 
-1063811199L, -1252626598L, 1432863675L, 1760670282L, 570090012L, 
-1876175916L, -276322780L, 1587629496L, 1467027585L, 1760503785L, 
1597411714L, 865205015L, -1390605211L, 518771467L, -837341248L, 
1809275667L, 789305338L, 1127256216L, 605656355L, 1080756462L, 
-1044617355L, 50479875L, 1225339614L, 670859615L, 571998849L, 
2087824122L, 974805908L, 964720431L, -2107187386L, 902009885L, 
-216488667L, -1470302837L, -1873241060L, 1889733396L, 2059023921L, 
1654460014L, 2065955987L, -488074993L, -523041505L, 904855524L, 
1195134288L, -1856078300L, 1061860620L, 1847860085L, 919689184L, 
-113783678L, -579757456L, 495740401L, 1385070932L, 1345532386L, 
-296544905L, -1658889340L, 305457437L, 1548662168L, 1436170573L, 
1163743369L, -983251135L, 1827749266L, -1597960316L, -1935323100L, 
1763250875L, 1252095875L, 933885076L, -1326359001L, 532350795L, 
-1108681630L, -1755535556L, -1172649679L, -1078830512L, 640469468L, 
-1406025936L, 301898465L, 32958744L, 438054531L, -1238160436L, 
-425607233L, -457288652L, 803511099L, -77035015L, -1093663594L, 
1220658108L, -1836000056L, -2078597902L, 619146238L, 2008893454L, 
1595872724L, 1640812621L, -385520529L, 378363382L, -843078023L, 
1814436385L, 326166387L, 1113975785L, -1933697393L, -1772203362L, 
176735750L, -1905324804L, 1788786012L, -269334136L, 1021750305L, 
997982145L, -787727110L, -1215745103L, -515835497L, -251488995L, 
-1602201374L, 1658913587L, 1247079072L, -39458825L, -1957680266L, 
1839571262L, 585603203L, 1565185918L, 1480934701L, -517103621L, 
438149889L, 1179814069L, -1847820037L, -241691774L, 1214360035L, 
633453740L, 323732327L, -911248364L, 701011590L, 163655796L, 
-84230393L, 198237533L, 1759598880L, -636615813L, 2020348267L, 
-1498296813L, -938777451L, 1217464876L, 550205581L, -1304316301L, 
-761364884L, -1435864363L, 133082715L, -1431198260L, -1186984735L, 
-1822612157L, -61222638L, 456961614L, -94819840L, -844035063L, 
-1352007773L, 577698946L, -488871681L, 890998253L, -349897347L, 
1822470597L, -1431574558L, 1498597593L, -1582179084L, -1047789693L, 
2122761432L, 1447889965L, -1253857120L, -276620809L, 1206149787L, 
-541611642L, -509024694L, -893337005L, -2129891934L, -2004728823L, 
1022642467L, -823011987L, -1532375807L, -1579113348L, -1731270197L, 
-1178299161L, 630154984L, -2098073946L, -1329684099L, -1807310509L, 
