.Random.seed <-
c(403L, 294L, -692003456L, 273674552L, 166073577L, -721386253L, 
-114239353L, 337947399L, 95768616L, 1406999163L, -431928736L, 
-178993410L, -1713053426L, -544727779L, -2079445687L, 2067077651L, 
1786399279L, 750601245L, -88363566L, -125327076L, -740512460L, 
1073736834L, -1522288470L, 1150832849L, 874318304L, 1446825123L, 
-678193552L, -336684515L, 30175957L, 1272734370L, -1658141771L, 
639695896L, -1641132556L, -1175056075L, -1659077667L, 1432445239L, 
-752905609L, 1691033117L, -603787086L, -367641591L, 1324844710L, 
780536187L, -604175960L, 535338179L, -2123520570L, -1380709354L, 
-218538850L, -1178638414L, -1285625609L, -2056156772L, 1829053849L, 
-481496779L, -574523784L, 600630057L, 1981986543L, -1541475134L, 
1000190860L, 840746533L, 2015439236L, -1439063964L, -1579337319L, 
-2111844874L, 1332212354L, 386705440L, -418626731L, 2129634302L, 
89708022L, 743022997L, 2004109582L, -1348457485L, -205038877L, 
1204074436L, -1867757878L, 541298071L, 2041574565L, 1427790047L, 
-1504780408L, -2007952649L, -77121119L, 832471510L, 54105425L, 
-950557885L, 1655410489L, 897779348L, -1894340034L, -440474371L, 
-807641557L, -1245620850L, -1971955280L, -709746466L, 1960638836L, 
1096058435L, -1073968922L, 124943248L, 455255654L, 771001404L, 
508313636L, 215643019L, -62406135L, 1274930132L, -1474069344L, 
-1470086232L, 2000475353L, -1079770079L, -1187059750L, -1719102913L, 
-28700036L, -2002361527L, -1557884710L, 325935402L, -2075302649L, 
1488615165L, -923611458L, 952077061L, 1210914188L, -1709099076L, 
752140153L, 1996569874L, -796587955L, -1324049860L, -1425013073L, 
1793780727L, 467018802L, 1093263958L, 982066052L, 824180841L, 
-652304612L, 1623671778L, 672384116L, 1285057319L, -1485199264L, 
-536117290L, 1127363190L, -335010599L, 1113313125L, -2088278892L, 
917383682L, -1439668363L, -692175308L, 1995673456L, 1249083943L, 
355245035L, -2087782991L, -1555710705L, -2062412127L, 215274678L, 
-393844096L, -807214179L, 1486891325L, 2147076228L, 2123025538L, 
1881398743L, 850263939L, 502164890L, 1564523877L, -490747945L, 
1595612487L, 451259428L, 702788075L, 902783925L, 1068892298L, 
351764484L, 709431098L, 1672258959L, 653836521L, -20615475L, 
-291424613L, 482259048L, -1297400034L, -75973765L, -1354395074L, 
1925748234L, -1440169299L, 70591953L, -1289689396L, 111366363L, 
1651767203L, -318630125L, 1698446422L, 2036352068L, -1706916982L, 
-652980041L, 691428427L, -1310277996L, 2064166898L, 520389008L, 
463494999L, 2128608808L, 1642247070L, -47168954L, 2139475395L, 
947925408L, -1710223887L, 94889918L, -492372519L, 1896219556L, 
-1279483183L, 2106879702L, -134434158L, 1824174192L, 1981030028L, 
816821320L, 154726245L, -434594198L, -1856891744L, 1931360973L, 
-651844771L, 414999903L, -707370217L, -513325848L, -650841558L, 
966585389L, 1310712474L, -1168235219L, 934639207L, -1199348039L, 
-210207904L, -831311449L, -722916684L, 1447277147L, -1273150928L, 
1114461528L, 1563294496L, 1943046503L, -2022861609L, 1209011329L, 
-174908859L, 2127484523L, -2117188853L, -843420981L, 1662424623L, 
-2017676915L, -1599665195L, 1331169592L, -732000962L, 1027775426L, 
484177392L, 1574879015L, 1776545348L, -1830840434L, -1232292488L, 
2046920927L, 1835359286L, 1593605365L, -497260709L, -235666529L, 
115542235L, -1459684161L, 1854643304L, 1892032720L, -332271359L, 
1005354072L, -1751502097L, -943446441L, -608524900L, 1908463951L, 
2060418979L, -2052925003L, 249831714L, -1490684694L, -1959279310L, 
-1244424174L, 1446320201L, -1071870347L, -471542721L, -2080766506L, 
1974336745L, 304400035L, -986123663L, -2042250723L, 618649510L, 
-1072524795L, 2093856839L, -394314428L, 1799781157L, 431288974L, 
867393926L, 474356056L, -374670712L, 1169094561L, 1216442452L, 
-1450428157L, -2143650813L, -1600195014L, 728153660L, 1083983056L, 
623620479L, -1658211488L, -768040045L, -1676164952L, -676014909L, 
-2042972718L, 649917739L, 947247366L, -909437563L, -1603419579L, 
134053443L, 533947647L, -577773826L, 1843864902L, 2087764915L, 
-1004817306L, -957684551L, 789070777L, 2066141438L, 828081935L, 
-15735100L, 472309656L, 1823798578L, 634734664L, -2022892594L, 
-1216303860L, -1455028470L, 687682565L, 847680762L, 1224541470L, 
-1432606222L, -1310427798L, 1721131671L, 1842800403L, -1826006240L, 
-1567132567L, 744193563L, 231984856L, 1500775826L, 541926297L, 
-1434473948L, 1921571879L, -767555063L, 1650770451L, 591428618L, 
1214240554L, 981370656L, -1803737594L, 2002621225L, 1217626776L, 
1163708807L, -1351907559L, 1194929180L, -1674673506L, -2058061710L, 
1815636988L, 872563579L, -59426607L, -662544705L, -619823644L, 
1364551857L, 1008783992L, 1741458344L, 891077711L, -662893278L, 
1856746551L, 2070918659L, 577997139L, 1260992116L, -1301760916L, 
1498155411L, 1458821921L, 785942388L, 138169474L, -471882848L, 
2132177306L, -2007514106L, -1308662849L, 666749766L, 1411876355L, 
507325632L, -2034280116L, 1482765786L, -813118564L, -1793260914L, 
-973171534L, -636148638L, 857395440L, 203452088L, -40283966L, 
-463702366L, 1340591531L, -163961622L, -291277221L, -1368032908L, 
-557013823L, -2049359197L, 45974884L, 93265720L, 1869837987L, 
-1943995912L, 1845063358L, -1220355966L, 775419069L, -1837589459L, 
2034164991L, -923783950L, 1447488638L, 663218355L, 1597073708L, 
205951239L, 1675455816L, -402300470L, 1535959283L, 1746802186L, 
1744986769L, -1957900773L, -614468863L, -189755949L, 894673861L, 
1678914044L, 1007792373L, -882787310L, 786663263L, 1490119342L, 
249449059L, -1287414356L, -913191786L, -429764610L, -663552749L, 
-527689420L, 1062646377L, -318798777L, 1619509107L, -1388265250L, 
2098608011L, 211438563L, 1166939597L, 170317829L, 658031892L, 
1793199613L, -91149798L, -627395616L, 30211967L, -1346935106L, 
-1420928606L, 727932352L, 1227415661L, -995974737L, 640249005L, 
-461797540L, -1052314128L, 1128593393L, 387380967L, -1868358484L, 
-270394825L, -80337316L, -994489844L, -1131980162L, 1719961393L, 
1018676546L, -1403768369L, -1787441551L, 1571808694L, -1755909050L, 
-1903735898L, 711026235L, -311306474L, 1746482870L, 1374865212L, 
1843208689L, 1426228435L, 143308556L, 2051870248L, -756587058L, 
87557403L, -1915300059L, -1104622935L, 1907091293L, -854033496L, 
1962669024L, 758123760L, 774186277L, 366065221L, 1216732755L, 
784788992L, -43100831L, -1768189321L, 191218044L, -1877784284L, 
1454440111L, -531746030L, -6201389L, 1178715309L, -1568539526L, 
54104963L, 217644583L, -31525192L, -1495085842L, -247709738L, 
-1074314137L, -1831778602L, 140172173L, 265887400L, -448043818L, 
-549308561L, -1539881801L, -880997324L, 1392315663L, 315577975L, 
-629127664L, -911321009L, 320647550L, 1149169366L, -290656054L, 
802744578L, -1614414899L, 804252624L, -535767645L, -1916976864L, 
-241773139L, 1971941309L, -811587380L, 1644027701L, 1111821128L, 
-148357077L, 1802207851L, -1522102071L, -1945162141L, -448956731L, 
2029779094L, -1204533061L, -808290713L, 1306524799L, -1417807180L, 
218166983L, -2083112620L, -1894574878L, -990130945L, 1430545770L, 
-1224128791L, -1953962818L, -1839774741L, 244378375L, 532863599L, 
156558974L, 434990066L, 248467422L, 1211794984L, 844887440L, 
-1917896777L, 1633869250L, 1024488019L, -1800078002L, -1328529937L, 
-1292780397L, 1311311906L, -257725461L, -920550680L, -941990119L, 
1555293902L, -536733723L, 487288671L, -399338433L, -447007696L, 
302281617L, 847146158L, -1397866607L, -1555305994L, -1369296866L, 
2043053064L, -1124092133L, -1332720952L, 171772939L, -1608844389L, 
318885971L, -281877845L, 844321071L, 317004905L, 1870030880L, 
1391367400L, -2067509380L, 1850037398L, 1964426300L, 1930028398L, 
770342857L, 1900605404L, 216080994L, 468191908L, 364410153L, 
725520217L, 87865653L, 776500532L, 1783602091L, 271635585L, -114257773L, 
-1949052860L, 579204828L, -302346924L, -938464831L, 579018298L, 
1148165922L, 716651677L, 486318549L, -401648625L, 242276570L, 
964829997L, 1219148773L, -214986555L, -1862097201L, 409219772L, 
