.Random.seed <-
c(403L, 128L, 728658597L, 724146286L, 1658129878L, -1079645164L, 
-1313116495L, -1048185399L, -1017354850L, 21246910L, -2062560739L, 
839461070L, -1953402500L, -1460778819L, 1417698351L, -1895140835L, 
-1732566995L, -83641004L, 1581807226L, -1376722541L, -402929889L, 
722645039L, -571953160L, -1037672444L, 1083169655L, -1514857507L, 
1843172004L, -886599119L, 754184867L, 464138534L, 1271518044L, 
-537628914L, -1790574172L, -526804831L, -1097364021L, -2047693228L, 
-446653628L, -434028758L, 1200792879L, -1991772105L, -1256059928L, 
1112791904L, -940172773L, 900390708L, -1979527534L, 740691419L, 
1731856861L, -2091342269L, 295713679L, 716181230L, 1411855560L, 
-1292564407L, -1230654643L, -1013514235L, 1475187166L, 1387564890L, 
840188425L, 410015335L, 796203018L, -642847193L, 1457770449L, 
1532697100L, -290191198L, 1594326308L, -1117313050L, 984272347L, 
-752438263L, 154369234L, -1195635214L, 646898144L, 1651209757L, 
1709406973L, 197610778L, -980036246L, -1797544999L, -846414958L, 
-798699312L, 312033697L, -1668818933L, -1568531703L, 1246881289L, 
-805543296L, -632076538L, -1469914449L, 1541167043L, 1799687203L, 
1984045020L, -63811600L, 56363979L, 2048329969L, 1615047448L, 
-2093380755L, -1183715217L, 97660402L, -1375439856L, -834308142L, 
-712638440L, 769448629L, 1019180623L, -1485444312L, -1502232480L, 
-2011992842L, 1152201547L, 2012915771L, -1884516812L, 1846543388L, 
95289783L, 1800108968L, 1476921942L, 1884777807L, -1090282311L, 
1167885343L, 491012363L, 596282714L, -1162460316L, 1463373758L, 
-1363579327L, -1986676752L, -1155501225L, 762204058L, 1977990504L, 
647608855L, -1654918878L, -1708496854L, -758850629L, 950753683L, 
754116901L, 912090602L, -763678095L, -981327223L, -1258659705L, 
693137161L, 621942866L, -843109079L, 2038083360L, -935511031L, 
-844391593L, -1005685402L, 1886609533L, 1488249179L, 15750070L, 
-1905579182L, 455539808L, 2102222795L, -778914814L, 211662630L, 
356239140L, -224889528L, -733937601L, 2058627254L, 386298781L, 
-700587496L, 1191981122L, -1640694559L, 217431752L, -1854670184L, 
-968563195L, 1232574621L, 1652936815L, -1833245316L, -106985921L, 
1916962919L, 1859038849L, 1304515851L, 666714040L, 688444415L, 
-1347503658L, -241460001L, -1561860871L, 1278821040L, 1140564115L, 
-387738247L, -2065089344L, -1583593446L, 114000122L, 1528295232L, 
-989581107L, -562842388L, -586750892L, 1713651645L, -330677262L, 
138433030L, 332691727L, 2118158615L, 1416643421L, 1432621559L, 
921688760L, 2138395077L, 1414021284L, -541384543L, 2094979937L, 
1872575515L, 1714289192L, -1065363483L, -505117879L, -1127857078L, 
-121014807L, -928375561L, -1213012664L, 1270036668L, 1822764050L, 
-565293762L, 1518435911L, 74025164L, -1532060215L, -939442136L, 
616291780L, -1104295662L, -731504621L, 1533045226L, -374641790L, 
1471148003L, 1649858932L, -295275976L, -964900139L, -1525504059L, 
-1685370825L, 493614969L, -557038798L, -870488057L, 2069767122L, 
-1427243497L, -1603325653L, 482944037L, 2020570206L, -1551002109L, 
1380887239L, -2081982792L, 1928651475L, -1502944727L, 1864126710L, 
2099464434L, 480099364L, -1109174880L, 1544671777L, -457122274L, 
990568471L, 539274462L, 1204088782L, -737461924L, 469020025L, 
528445608L, 800343864L, -1650800383L, -1079814658L, -779675670L, 
-1738312029L, -939869285L, -1175576919L, -1090631013L, 755385292L, 
919789441L, -1620796392L, -1129747739L, -542523531L, 1672468327L, 
-1468404220L, 1257607713L, 1882607453L, -500390130L, -938570107L, 
364057675L, -1378693764L, -924910128L, 1332444542L, 1055034754L, 
131760059L, -1128804440L, 894960445L, 824102252L, 1212211720L, 
-1934642770L, -2069509473L, 1073665750L, 2067040694L, 1456251783L, 
641412768L, -1612460964L, -15453751L, -2081224279L, 1881990979L, 
1511188797L, -1758366714L, 1054955139L, -1771974724L, -1980520405L, 
755366444L, -449159396L, -1890313652L, 473723202L, -948379099L, 
-359851238L, -813128004L, 1165804838L, -1129313824L, 95133096L, 
-304298039L, -539893850L, -841363002L, 1217781711L, 1698874339L, 
623352308L, 1275507303L, 1249742987L, -1172551703L, 543799979L, 
1610543348L, 2031166185L, 1322958027L, 823372143L, 1538304203L, 
-1286860221L, -1918754038L, -1033893165L, 2110620637L, 111997918L, 
-1248589206L, -1550283947L, 1258027318L, 1138136482L, -1532695086L, 
69556036L, 1257620723L, -880040936L, -1874788818L, -1585129864L, 
952344726L, 810681750L, 1528958983L, -1115027912L, -640203280L, 
-1416056155L, -1266862299L, -1090496894L, -1072967491L, -1139837747L, 
-1847088237L, 852425721L, -1426980602L, 2020651499L, -1314949535L, 
478275277L, -44640011L, 1516926541L, -87075236L, -1752334247L, 
-1655838541L, 339393888L, 772409928L, -1787322905L, 1936330056L, 
567074824L, 73209752L, 1104285390L, -2138030599L, -1829069394L, 
-1064007264L, -218060286L, -87167428L, -269800260L, -1294204931L, 
1457770418L, 777946978L, -1145596181L, -191705729L, 765839672L, 
-1811483237L, -1520096065L, -222948539L, 1685926519L, -588840080L, 
-156741011L, 821209855L, 1845151307L, 1775405455L, 835570503L, 
760229318L, 2091023991L, 1865236065L, 1792305506L, -1613406786L, 
28288649L, 385631562L, 1526739142L, 294433334L, 1896324040L, 
1363066591L, -1681113420L, 809267114L, 1764872268L, -1528211206L, 
-929469422L, 1030299523L, -2048181572L, 849240596L, -819961495L, 
1030599593L, 95705262L, 1534842473L, 2402553L, -1845935615L, 
1189327533L, -610974873L, -447291358L, -539143307L, -401261749L, 
-1823712666L, 2007634078L, 1998779442L, 1381353897L, -1348574874L, 
1393346517L, 704669728L, 1270055493L, -1140653913L, -28983121L, 
-1566247718L, 1941997874L, -1078720632L, 1729806863L, -31160508L, 
-1632222340L, 293346439L, 641759311L, -525647141L, -1571439046L, 
-431728561L, 1427700390L, -2017832921L, 182827922L, -194661532L, 
1548801792L, -1116455385L, 172988323L, 769021521L, -2035257132L, 
2052806107L, -558229603L, -1388229276L, -175616964L, -1458022208L, 
-2107708057L, 916082476L, -1361215201L, 1083725270L, -400778517L, 
1998863213L, -185655359L, -109409980L, -2014580060L, -1411538658L, 
798131469L, -868517802L, 955596882L, 1965067121L, -1733817951L, 
-1525357451L, 1099368404L, -414089863L, 1638511724L, -1647481823L, 
768469172L, 2078761502L, -808029610L, 144892893L, 1541432129L, 
553679539L, 1784185174L, 1966794305L, 1219222495L, 949126682L, 
788379170L, -1044638250L, -39833299L, 1304320450L, -812045455L, 
-886611964L, 513011433L, -834519789L, 1170822699L, -843078466L, 
-1314301346L, -2030954892L, -877060949L, 1092995608L, 787107336L, 
161294139L, 430633579L, 456655679L, -751115298L, 1314307771L, 
902181330L, 1292408283L, 1171517310L, 185470104L, -1834859932L, 
1541494571L, 1450166079L, 187988357L, -484849920L, 1888688767L, 
2105875881L, -1309036336L, -425479384L, -39801300L, -845898701L, 
85261776L, 663350947L, 1834464498L, -2126671497L, -1665303183L, 
1223241519L, -1958217936L, 1024253787L, 795895855L, -542290969L, 
1287141711L, -2067487560L, 1076535803L, 77056390L, 2006578090L, 
-1071977638L, -502721741L, -1497855111L, -582671761L, -1115631253L, 
-584834481L, -389801110L, 772862607L, 604672464L, -1607587988L, 
-1275537946L, 855973234L, 1831961835L, -1853412398L, -479568633L, 
1443197131L, 1320513709L, 208387714L, -387157214L, -266668348L, 
969666208L, -915252196L, 1882850401L, -815142738L, 2133539013L, 
-447080703L, -2101896859L, 591323349L, 403066982L, 707254357L, 
679792776L, -1356838156L, 1487866052L, -834988603L, 965571683L, 
-507367599L, -2147189835L, 1892551005L, 1558358220L, -1432283555L, 
-1081578806L, 747984830L, -916814748L, 472142456L, -1518712039L, 
-950890996L, 873479145L, 543138069L, -1664623204L, -466620044L, 
271356781L, 1056636659L, -223504586L, -1744607985L, 353043527L, 
194680296L, 2117587630L, -1669279819L, -1931166912L, -1285907528L, 
-754191954L, 426067852L, -295476060L, 820424564L, -870284351L, 
1165349915L, 1978871904L, -532745670L, 15901855L, 154454698L, 
-754613794L, -1037592285L, -1863724087L, 1657071922L, 239900221L, 
