.Random.seed <-
c(403L, 196L, 1206990664L, -84627063L, 254779999L, 2004475986L, 
-187861384L, -426410974L, -433699799L, 468428006L, -2088159353L, 
-2082753273L, -1847992563L, 153696044L, -38595864L, -971639190L, 
-1343772841L, 1709590970L, -1723213495L, 209777992L, -889511159L, 
1896944974L, -136279586L, -17378941L, -2091454896L, -1732347710L, 
829620866L, -985726205L, 110868539L, -2131971065L, -1550161006L, 
-1207292178L, -1990369788L, 1953333815L, 394623734L, 215886630L, 
-1107881187L, -1192390491L, 490756775L, 484236169L, 544402853L, 
-1461275389L, -1407180369L, 555486187L, -204287134L, 347678424L, 
-1726768279L, -87359657L, -130935600L, -150494178L, 860657708L, 
-1663492411L, 1217464458L, -868372347L, 2141190944L, 2032312811L, 
-1619316569L, 1315472227L, 1339959210L, 62063833L, 126209554L, 
1883311233L, -897868817L, 549254366L, -581081656L, 213053546L, 
1396754582L, 867394602L, 2007455567L, 273281704L, -1337476840L, 
1215507779L, -1772641058L, 2092691934L, 668720052L, 835625222L, 
-901459391L, 1640083099L, 144425202L, 820343578L, -413148082L, 
2078469215L, 1546806523L, 551974213L, 1961812343L, -844332168L, 
869181744L, 2094212012L, 2138207215L, -1214146980L, 1705644947L, 
2028634748L, -330033575L, 11634524L, 897925868L, 1664155400L, 
-1553365991L, 121360638L, -1926108263L, -2007333729L, -521088421L, 
-2040035253L, 172012928L, -1091487089L, -1636613401L, -102723627L, 
-1585602670L, 1692642719L, -198041188L, -373219674L, 305831928L, 
347732666L, -2044464709L, 1463289837L, 1601523199L, -1799312585L, 
-336362476L, 696774132L, -791127839L, -278498242L, -1709274579L, 
-572054153L, 1236639044L, 107252422L, 2067322754L, 1544226910L, 
-1461381074L, -1400187590L, -1953399738L, -1203096877L, 1565516827L, 
-321006592L, -897075477L, 1686810103L, 553303523L, 1887497768L, 
923496001L, 862571122L, 1557911718L, 775133679L, 1470242418L, 
-550791169L, 1742871787L, -1358838402L, -1472403147L, -1461982743L, 
-505394645L, -2033932816L, -1387462280L, -1277047260L, 1831594234L, 
1134175556L, 425095210L, -981519487L, 1701246058L, -1610278157L, 
1153375740L, 304903225L, -1152197256L, -944392271L, -1221343376L, 
912674889L, 1501008169L, -1460272684L, -374756992L, -718150478L, 
653963327L, -843183768L, 1441160543L, 1561415077L, -730919519L, 
-2042287530L, 973058896L, -287870340L, 843328735L, 1886067762L, 
-419543510L, 748327957L, -454596075L, -1187999668L, -468168300L, 
-1029719552L, -105706895L, 905756539L, 1990002142L, 867420153L, 
1644618798L, -923951575L, 216514727L, 808316311L, -1404837576L, 
41715862L, -1927827970L, 827755047L, -306638049L, 674575085L, 
809916118L, -1244041442L, 603259419L, 1100273972L, -844318804L, 
1247629901L, -263217953L, -669827470L, -1522977005L, 1196137185L, 
1283225000L, 243181651L, 1525653810L, 226347542L, 1500737323L, 
-1843446560L, -1736755812L, -478083086L, -1401404342L, 205856262L, 
1029101411L, 1504888347L, 2004803440L, 2134234756L, -1725631439L, 
576534643L, 804897750L, -225632098L, -1901795678L, -666848905L, 
-2146896633L, 631153032L, -1923088628L, -269968496L, 392388348L, 
79328361L, -288606317L, 980833864L, -241881440L, -1560231825L, 
622057993L, 1775932194L, 1220947460L, -386852509L, -1850193421L, 
-806040855L, -4000025L, -513802616L, -1191423303L, -1831377366L, 
509895184L, 114376553L, 1770948174L, 1174838042L, -1887256274L, 
1302961338L, 1730389552L, 2146130800L, -182030417L, -1416974099L, 
-258352748L, -35767684L, -845868885L, -97655895L, 1911480623L, 
-2005382550L, -405606820L, -686786442L, 1477187224L, -711378616L, 
-1442685260L, -1357738289L, 1046305023L, -2107357265L, -909027192L, 
-1897385363L, 2114681619L, -1171427680L, -1704140954L, 408454156L, 
166319777L, 159001210L, 2095701891L, 2067004120L, 1195989978L, 
359505043L, -740485994L, 600731015L, 884594666L, -270163299L, 
-576452339L, 2024635425L, -1419637155L, 1020044393L, 207828494L, 
-1295771454L, -1188643753L, 675604494L, 1556196805L, -1433701254L, 
399400607L, 1443998496L, 938575919L, 1730972214L, 1998275521L, 
-1851006240L, 1744150008L, 2125201941L, -873226594L, -135962869L, 
172982098L, -1614112999L, 1204365407L, 1958104451L, -815076207L, 
743796441L, -1688847845L, 1618960408L, -1072640020L, 1327773828L, 
674598747L, 1052660927L, 788042909L, 1307845731L, -423551919L, 
1723437409L, 2098810282L, 1679830534L, 35705510L, -1187119446L, 
1292600652L, -997360206L, 1504589370L, -1682210964L, 991071188L, 
-277038939L, 2092769864L, -1411342237L, -1628855266L, 267753978L, 
1294083963L, -118758340L, -1099088857L, 2091629871L, 798370944L, 
-2002025272L, 946210683L, -2036546427L, 842764596L, 404114107L, 
1822456430L, -899439620L, -19689382L, -1939941085L, 1249367987L, 
-1730834100L, -1051443360L, -1426206297L, 1701285151L, 2085143807L, 
-1021484986L, -1975821525L, 631483745L, 1109985621L, -1363552015L, 
-75460637L, -1195632976L, 1965871851L, -692531505L, -389527077L, 
-950124433L, 1749246015L, 927232692L, 1826563332L, -435265485L, 
-719148201L, 1571055965L, 656714115L, 501960861L, -165040751L, 
-472517358L, -715024984L, -296522773L, 281162939L, -1655539645L, 
-2122828458L, 890700927L, 1365171786L, -1265000657L, -1145720947L, 
1392907122L, 1746101965L, 1516051834L, -1177012517L, -1290383116L, 
-1414761711L, -2132134587L, 829497878L, -764230943L, -1801422058L, 
-435530939L, -1391143129L, 556903891L, -1934410616L, 2009645217L, 
1853633477L, 1659635424L, -2089164052L, -529985186L, -1514146318L, 
-2042923255L, -783690722L, -948236299L, -249355124L, -792418582L, 
299717085L, -2115269868L, 621361242L, 1344155705L, 453104986L, 
372328220L, 257583808L, -1625456377L, 633142221L, -1407476468L, 
-227567184L, 1709654604L, 1036533901L, 773268672L, 503973484L, 
260718203L, 743067432L, -1124051106L, 878307940L, 1379879069L, 
-643372173L, -183351287L, 778114116L, 297580467L, -825482779L, 
-87624658L, 1669728151L, -177110981L, -1347118290L, -1611938095L, 
-242881601L, -581553398L, 1812909152L, 525643784L, 1171961751L, 
-2145941114L, 1015019156L, 1912263919L, -1245144311L, -2102625460L, 
1477454155L, -1341377900L, -1638045630L, 52707697L, 849104869L, 
-740105729L, -803168307L, 677481362L, -1527448491L, -1256012510L, 
-998899917L, -661837947L, 445072679L, -461121620L, -418286681L, 
-663864227L, 1370264373L, -307359048L, -812486180L, -986699783L, 
-532761416L, -21050889L, -1165346355L, -1673039770L, 1537852631L, 
534109544L, -2013634882L, 740005073L, 92720045L, 856046835L, 
-1839582071L, -1241585411L, 1513267337L, -448799280L, -1584771054L, 
735121516L, -1809047215L, 1849863179L, 1945098605L, 192312351L, 
-219841451L, -145513136L, -1613543848L, -239361998L, -1868849765L, 
1681530789L, -1578282773L, -883575573L, -777935690L, 1196069759L, 
1191521648L, 1067875740L, 1780341715L, -1575857057L, -1778396651L, 
519999456L, 546654695L, 1131510532L, -1758113128L, 1189504172L, 
1292355252L, 1560975987L, -1543404998L, -409321281L, 1145246837L, 
770836009L, -1961206150L, -1323131838L, 2083175678L, 249267051L, 
-1041017205L, 1042047511L, -2078945496L, 1686015098L, 1471677308L, 
-1709346494L, 283310644L, 1981678247L, -1223468819L, -633400006L, 
1043181898L, -1016252244L, 1262992213L, -160973845L, -822570216L, 
2112838068L, -137161672L, 837007424L, 897729217L, 297654004L, 
-27354568L, 452908599L, -1045371831L, -1914646137L, 1824030072L, 
615442738L, -1071546078L, 218141163L, -1741657749L, 1246595868L, 
-379319290L, -2059904026L, -1810704134L, 1710481242L, -493265462L, 
2129836277L, -692966771L, 122717466L, -1646900062L, 1516368023L, 
-324347132L, -501878004L, 866369948L, 596879620L, -496938851L, 
470338305L, 1701662123L, 1032880569L, 641925500L, -1613242287L, 
-1042558041L, -852244854L, 1563173286L, -1491183633L, -109112897L, 
1561560391L, -84734801L, 252312900L, 897975151L, 166697126L, 
498449272L, 1724279500L, -118148696L, -1786822042L, -593378648L, 
1066658904L, 637981637L, 57532061L, 2040725205L, -2041418465L, 
-1477677572L, -1013086286L, -771450737L, 1351635113L, 1794926206L, 
