.Random.seed <-
c(403L, 10L, -283960351L, 1636071795L, 1241709026L, 1274543444L, 
1936897111L, -1235879859L, -90227740L, -966592054L, -1576288203L, 
865705615L, 158674838L, -1103695040L, 1752137219L, -131832799L, 
472319760L, -673088274L, 1111336089L, 1240477995L, -846231526L, 
-2106129700L, -348953889L, -492626763L, 158382668L, -1928198494L, 
-711283203L, -1892382985L, 1530073118L, 1745355480L, -1154914757L, 
-1987243047L, 826679656L, -1420920682L, -660867567L, -610938941L, 
742052818L, -1912910236L, 1124892071L, 1679602429L, -249018636L, 
-206925350L, 66221349L, -1292839873L, -160422970L, -1248579504L, 
-2010497933L, -1619423087L, -1218678592L, 94763678L, 539285097L, 
1481123483L, 1032506282L, -2101841972L, -3415409L, 1584794309L, 
-253386116L, -319721774L, -1056331187L, 1065592583L, 564898542L, 
1356677064L, -1125826357L, -139763415L, 2119399800L, 273829542L, 
-1078101823L, -1416031917L, 511622658L, -457021644L, 595248311L, 
-1559874387L, 2126926276L, -19680790L, 1281142357L, 82108399L, 
1633357814L, -583382752L, -396876061L, 1365966721L, 1185106416L, 
1474492558L, -41664519L, 107042187L, 1452700090L, -1262407492L, 
-251571201L, -698277547L, 2108938860L, 1137618626L, 2086754589L, 
1964281751L, 2093632254L, 1391308984L, 1222679195L, 661846265L, 
-1331090872L, -67078794L, -1356905295L, -1446860573L, 916629426L, 
252139524L, 1291250503L, 448913949L, -829867884L, 1506383930L, 
-777332091L, 123800415L, 419136486L, 1661423216L, -2052136557L, 
-443660751L, -676455200L, 1646292350L, -876249079L, -1112895429L, 
-240263670L, -1721635348L, -946707857L, -221467227L, -1418236580L, 
-1333407438L, -942886867L, -740110617L, -444750834L, 1948405224L, 
-891496469L, -1381971831L, 162417688L, 534801222L, -1285998175L, 
-577714125L, 799180194L, 886505620L, 1785194263L, 305090829L, 
-117344220L, -458172406L, 652643701L, -383304497L, 1345187798L, 
1068150656L, 2041873347L, 89908577L, 205839312L, 2128845614L, 
1962231513L, -455879445L, -1988061862L, 153880348L, 708698655L, 
128270965L, -204501236L, -1412177182L, 1248786365L, 1382895671L, 
720362206L, -149166568L, 1800915323L, 407666969L, -1293374040L, 
-1446096554L, 2034856401L, 514077059L, -1138749422L, 649757604L, 
-320048281L, -2025649987L, -2068369356L, 1349763994L, 961302501L, 
-1421812865L, -448361722L, -2043452272L, -431655629L, -1442262319L, 
1491163264L, 48169310L, -979700055L, 205234523L, -1325651094L, 
-1322532340L, 383091279L, 171994885L, -238491716L, 1413726866L, 
-1282610803L, 1248317895L, 21197486L, 441309960L, -73742069L, 
-120334359L, 1146515640L, -1781811354L, 1587991553L, 1149756051L, 
-558480062L, 1464896244L, 77182711L, -1114499347L, -1994497660L, 
-1349718102L, 1096922389L, 116342703L, 2011893686L, 799274464L, 
1376881955L, -142777791L, 727600432L, -1912322226L, 1891634617L, 
-994775093L, 957490298L, 1537914236L, 1609141695L, 1149397653L, 
-1439622996L, -1501830526L, 1063135837L, -1008525993L, -1728634818L, 
1477391480L, 2110119771L, 1291922105L, -1257167096L, 408280502L, 
179274481L, -1438956253L, -2082267278L, 1683925180L, 74942834L, 
-1534954256L, 721260612L, -2088165032L, -1608210886L, 2057059184L, 
-788957124L, 2031484692L, 1388717506L, -2130347296L, -116000900L, 
-1290092848L, -1257523038L, -1624863704L, -1699330804L, -1918974020L, 
2091305266L, 1305594304L, -1483290060L, 1741847496L, -249055046L, 
-1847383664L, -2145930772L, 597860948L, -1945349998L, -806326496L, 
497904076L, 1692079584L, -1674250558L, -1814608856L, -1259941204L, 
360449212L, -1208006158L, -176385744L, -29764444L, -1250597192L, 
1264811354L, 1051407760L, -650292356L, -906655468L, -437787838L, 
1302158080L, -791660612L, 49274704L, -1009450206L, 1664195912L, 
954550796L, -1082480548L, 1387805906L, -379471360L, -216920748L, 
1774844392L, 529165306L, 1621360848L, -1693037268L, 1021879028L, 
1517287826L, -989244320L, 91317516L, 327766752L, -1166407326L, 
-65234264L, 439779916L, 1488728444L, -1030740686L, -820064144L, 
-1993029820L, -1889116712L, -738857862L, -1982829008L, -197465412L, 
-461136044L, 1508709442L, -208708192L, -992892228L, 1363196368L, 
2117803362L, -263139352L, 861439948L, 1167904508L, 1230373362L, 
-1668347776L, -2103057164L, 700728968L, -1629579462L, -1869819056L, 
1564296812L, -1313226604L, 322203986L, -773587232L, 1654493900L, 
-1944629088L, 1590000514L, 616370920L, -951635220L, 1749474364L, 
-1483124110L, -1973939088L, 1058350628L, -123157448L, 1322817562L, 
1243716304L, 896914492L, 1711883412L, 941784194L, -1945565248L, 
2013387068L, 233067152L, -899314654L, 1837130760L, 1146144908L, 
878255132L, -367905134L, 760767616L, -165875692L, 557073704L, 
-959050182L, 1161610448L, -220343188L, 1088688820L, -2130675694L, 
1707010016L, 50237388L, 1964191200L, -627507678L, -1714190040L, 
1612476684L, 248596028L, -914485006L, -1951634704L, 609563460L, 
-69576104L, 705946170L, 1894090480L, -1081324356L, -2010616300L, 
-1493761854L, -1308827552L, 724209020L, -1344078640L, 1780329506L, 
-1559725400L, 1173143436L, -1721534020L, -1529625550L, 21604160L, 
124991668L, -1424174264L, 838625978L, 528486160L, -739469076L, 
-311217068L, 1397806866L, -694127712L, -1194991668L, -2048431264L, 
1381171394L, 1565394472L, -706669140L, -1122685124L, 636092274L, 
451498800L, 1024148004L, 5222456L, -1511355174L, 1012973968L, 
669382396L, -115339372L, -1912814782L, 374979072L, -294133188L, 
2133808720L, -836390238L, -414778552L, 866056716L, 444148956L, 
631386706L, 1183819904L, -883098796L, -1754836504L, 763833082L, 
1474320208L, 2023064620L, 627578228L, 1180352146L, -2090485152L, 
1110266508L, 392145760L, -454380830L, -1266894680L, -1136168756L, 
-198712836L, 1115897778L, 704525808L, 1130212804L, -1121659048L, 
-1019610246L, 1212300720L, -1753628228L, -441843628L, 620508098L, 
-1548958944L, 27015100L, -1018138032L, -602903070L, -1382731416L, 
-474911412L, -1627520772L, -123354382L, -2040754432L, 1251720820L, 
-1975779320L, 1110610362L, 1620062160L, -2076997140L, -357169260L, 
-1760726318L, 266444384L, 994084172L, -523639520L, 1884342914L, 
1329011176L, 1335197676L, -58874308L, -1784985998L, 1282763632L, 
375311452L, -1456529715L, -116549065L, -639864640L, -1358143586L, 
338723947L, 528294893L, 367814234L, 1296574744L, -1027500415L, 
-2032915405L, 1522760276L, -1743909278L, 289374455L, -1143712959L, 
142657990L, -395939068L, -610240843L, 2058584479L, 1629601272L, 
387158998L, 1677815395L, -742412763L, 1202642370L, 1513427632L, 
375184089L, -322659253L, -779386180L, 1219346666L, 1010326815L, 
-344193623L, 957768510L, 1988853292L, 906071165L, -2082662713L, 
1544097712L, -1073331762L, -1614390533L, 580454749L, 506198666L, 
-142653272L, 1581317137L, 800812291L, 1988288516L, 2028163122L, 
879065223L, 888878289L, -527274410L, -46096844L, -126331579L, 
-1387882609L, 337904392L, 1873233190L, -980189741L, 557299509L, 
2040209042L, 650914400L, -1851544631L, -324547845L, -1056688948L, 
819072346L, 1890623567L, -72479463L, -799652050L, 1457674556L, 
784084653L, -1473091241L, 1298286752L, -2087946754L, 1766803659L, 
-54389043L, 98492922L, -500098504L, -205326367L, -1162284909L, 
2135773876L, 268992450L, -1739314217L, -25934815L, -1871309850L, 
1627217636L, -472438251L, -1044078017L, 598686168L, 1321119734L, 
51410947L, -718482619L, -452733086L, -2007238448L, -981842951L, 
-2090262741L, -202621796L, -1039330614L, -1524802625L, 771692297L, 
1413718046L, 602403276L, 331815837L, -1205496281L, -1234478000L, 
-1161935634L, -2034884197L, 1823234045L, -1940327702L, 449340808L, 
-145022159L, -36127837L, -1494316124L, 814810706L, 308905383L, 
705487345L, -384461514L, 813948372L, 869716837L, 876862319L, 
754095528L, 254159622L, 1565929011L, 45196437L, 831257842L, 56143168L, 
1272042153L, 1613454107L, -1953878804L, 558649594L, 628830511L, 
-969538247L, -2014591154L, 1660587420L, 1954516749L, -898397833L, 
-16544384L, -1040290850L, -1541528405L, 1549123501L, 333468698L, 
-829752616L, 1500787521L, -952335373L, -1298985452L, -1361262686L, 
